ιι mmmmm

6166166666 ιιιιιιιι 66 ιιι 16- mmmmm.
666166ι6666116166ι6666601111ιι1146μ166611611611606616666666116661
,1666 16166166666604,16. 61166666 66 4, 19, 40. 166661166660616616600,ι 77.
666166 666 16666166 104, 01166 16641116 00 46166 ι 1616 6666166116 64, &umnel-

03. 66606066661 1666616166166 64, 65. 111110. 314. ’

1666111666. 166ιὶ6666· mentem 6166666 Lamum innonat· 1616666661οω

:vertero 64, 407. 49, 10. ·
166161661661110666666 16166661 06 Laneus.- 166666 01666616645,10. 16

1661664, 699. 66166666 64, 017.

“im 166166 66116666166666601· [6616106166. languidulo· 66666664,
1666666 16066116611666 1611 6666 66, 1661610666ιο61610611666 40, 6. 166

42 guida 1666166 64, 414. 0616Ιο166 616616
06666616.1666666 0166166 6666066661· 061667, 41.

16066164, 450,1666661666111666616666 Longu eo: 1661666116610664, 99. “

04, 56. 66111 1160160. 16666616 66116 6661- 0661666666 languescent lunin- 666116

1666661 64, 30. 1160100.

0666616 1666666604 60 ,166661 66606· Languor. 16616666 16066166 666166 60,
1606111616 0ιο 414 6066006666 puel· 07. 061666106666111655, 31. “
166164, 40. 1666 166016 16611666 61, 56. 16161166. 1611111606616640, 41.
1666666106666660666616666664101,16ι1616ι16160161661166ιο6166041611106
1666666191. 64, 1, 6. 1661164, 46166- 66611016661010. 140. 666666ιί010. 50.
1660166 11166166661110. 70. Juvenum Ve- Lar: larem 66616666 61 9.
666666166166100 4. 166116616616666661991661166666·

1666616. 16666116 66166166 66666616 ribus 66, 94.

61 435.1666611611·ιιιο66616161166160166607,4.
,16666166 0660666645. 161666116666616166160 61. .
3666116666166 dii 61, 1961666661 061666616616166661164, 493

61066 50, 91666611 16 bon: 7666661,161116ι1ιιιιιι161106166661603,54. .

4041616666 60, 44. juverint 66011 1606601666 361116 60, 4.

66, 10. Intus: 161666661016166, 10.

Musonium 1161066016 16666 45, 10.

labellum labello semihiante 61, 440. Lanam: 166666 proceras 64, 490.
166116 64, 104. 1606116 011616 6661116 gultis Laus approbet 116666 64, 447. nuptarum
99,.7 rom 00,1.1ιο611166610611664, 616601οι666161011.1,4.166016166616
017. 6666063, 74. 64, 104. 1660616611661, 119. 1660106666·

06106616 1106166166 inam 66661669, 16116111, 4. »
a, 1666ς16611066166116ι666669 14.

Laba. 16066166 666166 66 37. ’1.66166. lauta 66661616 47 a.

1606606611606616616 61661161, 7. 066016666166666 96,0 -

Labor„ 160666166166 67,17.16066661 Lector: lectores ineptiarum 6666616661.
1616 66661664 14. 14, 4. ·

166666 1166661ιὶ 55,13. 1066666161- Lectulus 666166 64, 00. 1666161616 m
66664,311.166616666616616666116,5, 10,7.

160616060666 6661601650,14.66161663, Laetum: 16611 pedo candido 61. 116.

06. jucundo 64, 161. 06661066 31, 91606- tremuli 6, 10. 1661166611οι 60, 6. deside·

abnuentium, ιι. mon, ιιι. ιοιοιο, 11
16006160666616166661666666000 Lectus: 1661116166064 4. .
[6110600161016610660661066641616116166616616661666657.

144. Lego. 16111 6166611666 6116 94 4.
-61666666 116661661661011615, 16. lanio: 1660661666016 116,3.
[666166616661616 01ιι6661061630,0. lanis: 1661 plangore 64, 4741661066
Lam'mo: lacrimantibus 666116 63, 40. nuris 64, 84. 166166 aspirans ιιιιι 60, 64.
lacrimula: hermulis 161616 66,16.· 1661166 haeo 66010611 04, 0.
lacteolus: lwteoloe puellae 56 17. 16616666 16616 61116 61, 106. 166166 66·
16666.Ιιιιιι16οιιι 17,10.1666661166- 1661664103.

110664, 44. 1666166066 111016 31, 13. Leo: 16661666ιί645, 7.

Lada: 16011 16 66616 160616 69 o. Lepidus filius 70, 4. 1610066 6666611.

166666666611666610630. 0611661,1.161ιο66666661016161016ιί·

Laetor: 16616611- 66616 64 00. pectora 64, ma 66616670 4.

441 Lepor: lepore 166 6666666607 lepo-
Laetus: 16161666 64, 346. nentem 666611116110111634,4.

407. 1616 6666600 1110. 141. 16611616111666666166616664095.

 

