1 ’ 11111111 11111100

161101011111111101100111101111010. ³ 6111110001011010000111110111
6011301018ρω 01001 11011011 00111111 11101011 64, 811. cupere 10 111101 6010
’11101001 61, 101. “ ’ ·110111161.“86.011011110111160,85.01η1-
compu: 01111110 01111111 60, 67, 0011· 111111μί 601 61, 48.
po 1111101055,8.00111111’110111 46, 4. carus: 0011 1111 virgo 69, 46. 011111
0100018111010161ῥ6 011111100011168,100. 101010 011016.
6006001 0110010111 1011106045. oti· ,0111 1111111166, 01. 0110 mmm 66, 38.
001111 11101 1011010 ibid. 819. 01160111 01103101161111164,81.01101101101001611
gurgite 64, 14.“’ “ 681. 00111 AM· 1110. 81-νο10101 111111
candidus: 81111110, 68, 188. 01111101 111- 11011110 111 1101 68, 159. 011101ω1111 104,
· 01 1001 60, 70. 1110111 85, 8. 10111011 1. 0111110116 107, 8. 001111 81, 2.
0011111061. 01110101 Tyro ⁶4, ³⁰9··⁶⁸¹¹· 6111111 1001111164, 87. 01110 01111166,
dido 1100010011 61, 115. 00101111 10101 83 8101111111 0110 60001 pium 11011111 14, 5.
010. 00101001 0011100 89,1. 0110100 0011 101111 61, 46. 0011011 puellm 111068.
14, 035. vestigia 11. 161.-01110101010 10- 0111111 01 1110101111 15, 4. 00110 0 11011110
,1100011111011101601111010101110 05, 0111110ιί0600. 0110001061.
1110110011, 1. ’ 885. ,
canis: 01110 1011001110 aptium 11- Canu: 0111 100110 011110111160,1.110·
10101141,17.011101101011101011111100,6. 01111110 60, 4. 1111118, 12. 011110 11100 110·
confflem 10111 11110111100 11111010 100- rivulorum 23, 11. 011101 64, 116.

a ω, ⁶4, 224, catagrapha 'l'nynon 1111110111110 25, 7.

0010101111111100110110110 66. 22· 01· 6110110 11011110 1011110111164, 891.
1101110100 1110100100016119010111· w· 60101001 00111111 1101111111 1111011116·
111111 65, 11. 01111111111111184. 4. 101111101164,897.

cantus: 01111 101111111 ’0111110601 11111 61111100001116111101111 1110 11611011
64, 165. 0111110 0011010111 11111. 8871 41, 9. ¹

00111111 0111 1011111161. 161. 00100110 Gauda: 01101 etde 1111168, 81. ·
1011, 1. 01101 ’101111 66. 70. 0110 mm Cama: 00110 10 11111 credideram 91,8,
6110.01111068,124.00101011110064,851. 6011101 0110 00111110 50, 19. 11010101

capena cornipes 19, 16. 20, ¹⁰· ¹ gg, 152. 11111011 50, 18. 0110011001.

00100111169,6.’ . ’ ,11. “ ”

,6111110111 8011110110 0111101101εο 87, 17. 6111111 010111 poinde 17, 4. 01010111·

capium: 01111110 11011100 1111111110 110111 111110010011168.10. 0101 01111011 terga
64, 19³: 01110111 11011101 2⁵, 1. tauri 66, 10. 01110 11111111 td 111011 95, 5.

capia.- 011111 quod cupi· 61, 164. 01111- 00011 010111 611160.1
111 1011111111 68, 66. 001111111111111160· 60601 0011100110 0111100 66, 69. 001101
11010 68, 8. mpure 0011111001 1111101011 61, 1110110 11010 60, 19. 0000111 0111110110 11111
68. 00110 6111110111 16111. 8. “plui 1111111 66, 47. 1111010 ibid. 4. uadentem 01111011
'66,-86· 011110 1111 61, 24. · 64,(950. 1110 1610111111 dem 66, 68. 110·

6011111111ρο 111111 0100111 1810. 101 64, 56. · .

·’ ’11101100111111111101011110168,“86. 60106101 001011110110111164,160. 00-

Capto: 1011111 10 1110 nupia· 11111111 10111110 1001111100 ’11011011 1010. 305.
61, 55. · 0010111100 Tempe· 01101011 11111. 188.

6011011110011116οΛ18 panim cansoelmvefflgin 00101164,Ἇο
54, 1110111110, 11. 111111 001110 66, 40. 001011 0111 0111101110. 60. 101066. 1. 60- “
110 pompm 1100011010 17, 9. 01110 0011110 1011111111 1111111 4, 2. '

68110. 00111110 86, 8. 0011111 64. 866. 01 eoum: 00101110 0111111 tripudii· 68, 16.
1161111168,18. “ ’ ¹ 0010116111 01100100011111101101101-
0011001111οη 64, m. 110 64, 175. · ’

6011061111 lingere 01011001 98. 4. Centum 111115. 7. 00111111 00011101 ibid.

’ 6010110110 110161· 1111010011 61886. pm· 8. 01111164,690.10110111128, 26. ,
611. Uerno: 00111110001011111110010110111

Gom.- 011001 10111 010111 1111 61, 71. 64,57.0011111161,6.’010111111101064050.
011011001011111111 1011068, 57. ³ cmm.- 0011111110 10111010 11011164,
cm: 0011011 1111111111 10011111 0111111111 695. wgo 011111 11111641.
19, 1. “ · 0011111111 ex 111011011οο 64, 398.
6011101 0011111 1100101 1010111064, 0011110, 14. 86,7. 61, 8. 0111. 01011,-
16. uri-modum 111οἷ 156. Coma: 00111 1111111 68, 116. 001110
comem 01111110Ι 10001110 89, 5. 0011100- 101111111111 66, 4.
1111 11111111 68,· 149. 011110 64, 811. 00101 - cm 111010111οὶ1 68, 61. 1101001 0010111
60, 7. prino 64, 116. 00111111 1101110011 00111111 64, 841.
ῧξιέκ·6ἕ;ιι1ἓ51ῧ1ιξιιρωιί1οἐιὶοὲῗ aba ulcevggaetssgorviee 101011 quate 111111 11-
1 0 9 0 , 0 ΙΙΙ 1 0

 

