611 commun 6

’.41111111 4661116111111161131111111 mmm {fin 1661111111111116111

..·-41116111 mmmmm 31111(11111111173,3.6111161167,3.,
16111 44, 6. 311111 11161163, 8

,46113611 64, 160. tauma. ¹ 3111 1111161161116111 1111116 67, 61.

6611611611101660111611167.3111161611611116111111161111511161111111666

iiim 111 111 nis patrii· 616611 16ἰῡ1ἐιω111119111111111111 11111 dom 6685.

1 ι 3 ,61
4611111 66611616 nt- amplexum· 3116111116 1111111111 65, 66.

66, 61.66.Β1611111111111111111117,13.
Δωιινοωωοωωᾱωιιιωω. 3161106111616166131611111611111164664.

6111111606116110666111611066. Bonus 111111756111111111111091
4111616116311146,7.6111116166661 16611 6611163819. 6611111111·
,41161111116611161111611111161116843 11111166676111131116113991111661·
611611161161111111111 108 4. 6116161- 61111 46,19.111111111111661166.6611ο

66616166161611611111661661611611111111 (111116661371, 1. 11616 61111 61, 19.

68, 83. . . 111111 61111 (1111611,16 11116161116111111.
61111111111115361111161161163161.-6111111116111161111111111974, 1111161161
,46116111161111611611845 , 111116 68, 68.-111111101 1111111111 1161111166
Δ11616161111111634,6.. 49,7.1111116661“,66175 7.11111111111111161

33,1.7111116168,3.1111111111116116114,

31111611661111611111361616111664, 15. optim 61611161, 668. ’

’61. undum 1116611116. 656.Β111111111111116166.61,181.
61663111611111146111 31116166161111111 valente 90, 60. 616·

· 3616111661 66161111 pud 11111166 95, 5 1116 111116 64 331. 66,10.1116111161111611-

16161111611116611161111168108. 6611111111 11161161111111164,105. v

1111116616166117. 3166111116,5.111111111111111663,57.
363661161637, 19. 616111166161611161, 611.

31111161. 61166111161111666,46.11611 31111116 11111, 161111161111 111116 ox·
64, 665. celso 641364. ,

31111111111411115, 31111111· 0111114, 13.

36111111 66116 ι11116.1,7.16111167,9.Δ
νηπὶρίι9316.6661111111116116116116160116111601661611111111111566. 1111111111
n ....1... .., 13. plangore 1111111111 1111164, 774 1111111111,

31611611111111116111117, 1. , 16111 6611161661 66111131,14.1116111111

3611146641,9.11’111141,1.16101111.5

661161616616166111166111611 011111 161661111661116111163,60.16

16111161116111646, 3. 6611 11111111411111,
36116161166161166116111311166, 16. nt Cacumen 6111616 monti} 64, 641. 116111-

16163, 67.6661611111116194111661610111111416.

157. 11116116111116111161161611111111111137,Ι 016.- 1161161111111111664109.1111411

1411611119, 5. 666116 61111151,- 15. 111616 601111111811111, 66.

6611111663, 64. deu 63,14.-6661111υ 06611111111111111611111164,109.ῃ·

11161611111161111611611145,65.616116111111 m 66111167, 66.. Μ 1611116664, 608.

6661661910611111166611111161619111. 11111144.

661111111011111111611317. ’ - 016111 166113161116111161111111611111-
31611111 1161 6315 6011111 64,77. ε116111111111111616.181.
36361111 61111111 1611661166 66395.1111111111111111111116111111111116. 361. Ρο-

61116161111111111164, 346. 6111166311κίΙὸ 1,.1111111111111116111111116369. “

61611111 6111111111. 344. 6111661611 pag 0661116611111611116163,31.111161

1111637,13. . 56,7.1111161111116111616111164,360.
16131866161166,9.111111164,7.76,111111166611111168111.

3. 81, 6611116161 1161611168 16. 11116116 01111111110111111.ὶ .

39,8. 73, 4. 61816616111 111166611111 0111111116111111611161111611111111·

111664861111111111611111111315661166111 13686116647

6616 661161 111111611648,6.61114616143, 311111111111111111111111111161636,11.

- 6.111111764.106,1.611161116163,14 0116111111111131111111111161106·

31116616116166111611116116166 1161166,.3

Βι11161111111111613μ7 611111116611680611111111116111145,7.
9. 616611111111616316.α1111161113,.1 6111111111 11111111 16111161111161111
117.(1111116111116111176,7.161116661111161 3111116316
11168. valetis 637. 1111676, 8. 757. 611613113161111111111161111111111111
111111616331111111036.1111164390.Ι ,

 

