18 commun 1 'a '

’ summ-mumadam· 1161611 11611161 1166 1114111166. 1161,
66,08.161161611141111141007 1661161114 6116661634,18.

,6411661464106 461111644616. 64141·116111641616,9, 16611611 6666 661661
,146116666414 93. 4681664060, 69, 7. 611 16111664 146. metuebant 14114
111. - 66111484, 9. 41616616 611111 (1161164,148.

1111411416 464664 16611161 86011116 11116 66114 16 1616 magno 6614616

Mannum, 0..6161 86, 4.

Maias 41161116661661466639,18,11161· 111661 6161111114 111611 64 006. 161611-
61111641441614441144146167, 30. 166146- 11664116161166164161661, 007.
111661664641197. 8. 111466111141116414616161077

1161111414444618,6.1ιι411114164461199, Mu.. Ρ1616411411168, 86. , .-
1,.11611116466111641144141648,1.Μ1116111416 (11.5, 7. 4161. 1611116 1666111

.11611116441116616 16111116 007 2 1116 466111 46461611 41. 0. ludi 61, 010.

064161616666141411616161414150, 1161.

14. 1114114 tepefecit 68, 09. semimortua 161161611411166164115,6
pub-11 69, 1611114111616116144611111 63111611664161616416 1111661616 1111611148. 8.
6 1164111146 1616466 6411141164. 067. 01461 Cybelle 68, 84. magna 16661616

Μι11116161411146416414111 6166699,115,8.1611166141111114116111116146.ι
4.416111161183,6. 8116430, 11. 16616146- , 1116161116611461111666161188,4.
16611111. Minister 811616107,1. 616146416616

Mem. 66416116611146661111141611614 ,63, 68.

,64, 081. - . ,Μ16611111 61666661141164161141161664·

.Μ61466411114,,1441116ι11846661 416111- 1166111106. 10.
1166160,13.Μ111]16164411641161 041161 61161166 63,
..114111144.16161461664116 14111161 4661· 8. 4166661646414111116666 4111111171, 4.
,464164467, 48. . , 166111111616161466141641 ,· ,.

Mem oxoidit 4611111144 6111411466 ,05. Miror: miratur 66 1414 00, 17. ,
.1441668,8.11441467,06.1611141614.40, Μ11161666 611166 03, 7. ,etal- 61114
1.4ιι11141141446,7.416644,11161166..4 411664,61.666166814641614144666·
,611111 1441141131, 8. 664616641141111116 1416 1141164 67 89.
64,147.6ι61611466641116,16161“1.136.16- 1116666161111116116161611111-
4441141111. 806. 6666144164 mdiu 76, 661 dea 66111 16166111 11661111616 6818.
9.141616164166161441116161146133.16111-Μ11611111864111616446801111141111116·
inu 166444 41611616 64, 406. 46111111. 16111 1114 1641680, 7. 1411161114 1111411161
1461116 οι141416116319.66641161164, 14616116161466416,14.14146116444461
000038.466641111116111.699.11111469,3 16.116111640.1., , --
hnmani 6404914114 11111. 0381166114 Μ1161 ego 63, 51. 6114 1611614 7610.
,63,’.371461941664,055.111111464,68,37.1611666861.86161168,1.1141611016.
»baiam 11. 146114 60, 37. 16116 60, 3. 1611614 16116164,119.411461641 64168, 30.
461460. ,14. 6611461164 6116. 411161 4116 misero 616611 11166, 41646614 466166 99, 15.
1114141616ιό0, 1.6 11111168, 93. 6161. 1644. ,
816616·1466146644111161111144664,306. Μ116161111111111161111116161661 68, 94.¹
66614414466611666614608 ,4166114661- Mimo 6111411461 16116111 66116 1616164

166641 4661114 64. 46. , 64, 94.

,81166166116644116666146614116611166 1161141116116161111166116616417617.
4111666134,17., · Μ11116116111161611111161616611308
,Meum 1116111111 64, 6461 6161660666. 41166614 641 46111616 63 49.

210, 3. , . Μ11416616111616616 16611146616164,

11661416 61140614161611611110001. 188
4611400, 18. (11061614 0914. mamni· Μ11111111141611616ι16661111116860.
mm, 8. 1461116144 4611416614 641446· unm· 1611161 vicem 661664 64, 68. mi·
1611ιὲ 37, 3. tram sahulem 16116664 4611166 111111. 63.
Mmoe. ,4161611 1166616116 14 ququam Μί11611111 6411116465,15.6111114 4411ῑοῖ
1164164731. . 11611168, 0. 6110116611611114, 14. 1614114111
Meretri.. 46166161461414110,7. 1161116166 164161641611. 7. 6116166166-

, Mum. 4141411111 064466 8661646668. nen 18 15 16111661 1616111111 4661611164.

Μιήι11611661111416164116166111180,8. 001. 1411161 1461416 6646164 1111. 381.
806164164616461141446641710. mitte brachiolum 1616161, 181. 16111616
8141611441161 0661166416116616 68 13, 6611111411 116 8. 4166116116 4661617 88. ι

Ι an'l'hJonimsfflffi 6141644616164 61111661 11161166 09. 611161616641116111

16614144 139 6161611466 965 minum 6161611166, 19.
11411111 41641616 4641 6611441 sagma 611446 116616 8411416847 1611414 16661

dmm : “ ·. 1161111664,.166 ,, .. .,

 

