111 ῦθΝΤΕΧΤΠΜ. 15

ὓμὴι.661166611111161600,17. 31161131611111161611111111611161611111
36164111 6111661116611110011766116- 11161164,108.

61111 1116116116 08, 0. ’ 3611161 6111161 61166 gravis 61111611· ’

66111161 61111111 11661666 11111611 111116 1166168, 60.

44. 7 61161111 61 mi pectore 1611111676, 11111116 6611 16111616 1161616166, 60. ex
22 116111 111 virgineis 1616661111611 11111. 14.
hqumlm'h mmm 6611616116616, 11166 6666103, 01.

36116611111611116 616611 01 6616116610111111161161161616116 1111161

Expentomrio ,4111111161 6433911111- 00, 1.

66111 6111111161 61111 66, 77. 6111611616 166- Fabula 6611 16 1611169, 5. ,
1111111161666666, 91. 31611161 1666116161661116111161109

31111161 6116161611166 6161111 15, 4.. 16661116 111616661166 50 8.

31111161 1111166 11611111111161 34, 00. 3161011166δο 11.1661166666116161111
611161161111111611116611166116161116664 6661111161,000.1’6611111116661611161111
069. quod 61138, 4.

31111161611111616161666011116 vatt- 1116111111 bonum 6111116 66 66, 07. 11616
61116 6116116153 3611116116 61116 161116 110, 4.(11611116161,161611816. .
1,.6 · Facio: 16616 61111 40, 1316611116 110,

3116111161 6111611166 11611606611161 4. 6116 Γ6111116116 6611116 monstra 104, 4.
0.61116111161661113900. 11611881,3.116111111111611)6611116637,19.

31116661 6111666166611161611161 111111- 66116111 libidinesque 45, 04 1611611111ῶ,
161164,190.6111666661661116116111111111. 801111161717.1661661161611697
003.9161616111611661003116111166161111

66661616161111661161161664οΑ7. 47,6.1661616616144 113611165013·

3611616161116666166161611116111664, 16611649166161611745161116116111
9036116666160616111616166 65, 3. 67, 36. 116161 111 16 1116611661 30 10. 1611611

3111611 6166611 116116 611 1111111166 166611161166,47.1666(1116136.)1661
11116116108,4. . 1616161163 80.11116666611166136,16.

1111611611 666616616166166161663663, 1163, 78, 79. 1661161164, 031. 1611116, 1116
15. . 616116 16166111· 68 461116616111661111616

Ennium ,3313313313 om 1113 33, 5. 1111ιί1 109, 3. inuium (1116111685, 1. 11 41·

Ennio: 33311333331333110133313336131- 61616,14.1161616816. 1116110113. 61
mmmmm, 3319. · 61661175, 8. 116161 611111 611666 68, 50.

31161661 611611616 1161116 66616 64, (111616161111611611616107, 10. 1661611113,
w 14. 306. 60,04. 16661616 66 66161166

flamm 6611111611 6666661611161161116 116166 10, 17. 1666166 01, 9. 0166161 11111
...33133161133133313133336399 10,13.1111111111611611674,0.1666116116

631313131331631363313131133113311331111135,1ο.113666611111113.
16664, 07.616111166111116616111116611616 0666116116111176, 8. 11161116661111167,
1331331353 194 16.116111111166111110,0.166116066116

11161161 611161166066111616 6616 64, 73, 3. 61 11661616 olm 6116661161600,
115. 01. 11005. 1166,(111616834.116111611111

3111161661 6661166161 1616616166611111 1666161111611168, 6. 11616 66611 1611166
13133334, 401. , 93. 61611 6111166 75 7. 661 11111 pons 61

6661616111611166 6 616616111161116111161 libidine 1111 17, 5. fiunt 16116116 6616161616
viderunt 66116161 66111 64, 18. 6161111116 1116 81), 01161161 6111111, 611111 67, 6.
16 1116 1116161166ωό4 318. 16611663161166 611 60 39. 6611 posue 111

3111111 6116161161116314. - 1166116673, 0. 66111685, 0. 16611111 mo

1161111161 exanimatio 51, 14. 11111 Harpocratem 100, 4. 6616116166

Ε61161616666116111116611161611161 66161116Ρ61111616113, 0. 1161616164, 03

,1111 - . 3611616(1116)6111316.6611166667 ,

3116111161 611666111161666166111161116- 13.11611111661166130,10.16611111133133
11664, 096. 9, 7. 6161164, 349. 16111603, 10111663,
· 31111116. 6616116111 616 66616616 11611· 45. 111 65,9.ιι111664190.166111116616-
1116 64, 71. 6116111116 6116 11111. 165. 1111116 30, 9. 16611666,37.111111 64, 003.

3116116.- 6116111166 11116 60, 50. · 66111111 11161 11116 16111 radicitus 64, 090.

3611611111.611161161 in 666 66116616 643111611011161616111 somno 64, 56. tibi
017.61166111611161611676, 18. 6606661616 11111.151011661616611161611616611
613100. 1661161664, 169111166661116- 60, 4.
661 1161666611 11, 0. 66116611 1111111116 1111161 1111616 116 non (1111111630 3.,131.

16616116 1161611664 196. 16116111661116 1111111166 66161 001066 sanando. 63-
61116161116. 1³6. · . 611616111161611116611116764

 

