10 INDEX PRIMUS

’67776 367676 76, 19. 6766616 67776766 7667661763777656, 911. emmam
”6111um 7776 6676 memini 99, 4. 34, 17.
0666661676 677 nihi 66667 linquendum 0777771777 667617 76716 76677 59 9.

68, 67. 0777777777 66776 6717676 63, 99 667771 j

066116 61, 174. 6666777 7777 1676.163. 7777777 64, 39. 716667677666. 74.

7666764163. 6677 77616776 6161767 36767 07773777 6663766 76677 3667767177 1737767 ¹

67, 73. 6766777 66, 97, 7661767776, 7. 6677771 64, m. .

6667666, 63. 6666716 66 99. 6777776 ’67667- 06776676 773717169, 33.

ιιιι3676176167699, 6. 0777766767 ·667767176677 6616777767 7677676
0666767767 6666767767 3611677766 19, 64, 390.

130771777 3777767 6671116 99,19.766776767 61 0390779417ἱῖῗὲξί 66876 7667636777 63,

367767 m 97, 4. 6616777 1763676 97, 19. 99. 6367661767766617676. 91.

6776667676 1676. 9. 6676 767667676 33, 4.
6676617736196, 4. 0636 676777317676761766167 mem 64,

061376 166 77677 667 67, 16. 1777 667 1616. 305. dapem 6676 Minodum 77776. 7 9
14. 66736777 76 76677767 7636167711613. 97777747,0.47417776677677999.07

66734 (3667767664 ’66, 139 77176711,99.7071707770116898·

66767 91, 70. 76775, 6. · neuqua 71676676 677716 77776667 6676777766
Cultor 667776 7761766677 67 1. · 66, 76. 7676776776 Nunnium, 41. 666
66177767 cultricem montibu· 1671 761177- 7676 opto· 6³. 8. dee 77777777 dom 77777

qm· 64, 301. 76776 99, 74. 77677 Hamadryades 67, 93.
067777 77676 6771661, 79. 77773776 7676 96, 3. 77 11.

7663717777· 40, ’6. 7377717776 7116 76677 76777- Debeo.- 666676 666767 77 777 6710616976

16776777 67, 36. 6677 67766776 77767 767667 681.

36611, 17. 3677777761. 0676667 decedere 67777 677377 64, 969.
06777, 7677766, 5, 6. 016617717676716717676 47, 9. 76777676
0677777677 666676366767664, 99. 6666777 99, 4. 666167776 703. 7.

67776 66 33. 666676 64, 749. 166663, 69. 06777367 7166673676 666676 7776766777
1,66667664 906. 767176 66 197 7766673666 6677664376.
0777776617 663 7176 77617167 93, 7 . 06667 6666 6667677716, 5 77677, 77776 177777
0667667666 Ι0617776776 617 37, 16. 6776 67, 919. 66167676 6716776 1773776776 63,
0777777777 7776776 66176666 97,8. 96. 6666777 76736666669,177.
0773767777 66377176 66777664, 147. 67731- Decies 66666 m 7676 93 90.

4667667777 76,.3 77767776 64, 376. 7771 706, 07616767 6661776673767 66 3677676 76176

4675. 1777776664, 66. 6637667366 6376677 64, 34.

7366 107, 1. 663766 667661, 64. 66 mente 07717667 6667166777 177671 ex 7176 64,

64, 399. 66376676667676677 6677377376 6677 91.
67, 39. 0666676777 Formiani 6777766 41, 4. 436.

06376663 9. 64966. 0766767 66667616 736776 767777764966.
ὧο63767 66376 17,1. 97, 4. 61, 90496, 07766776 666677676 7766 76776 6777
6677377 63, 56, 60. 66376777 64, 961. nunt64,6.
cupisti 6777776 76615, 3. cupiens-videre 0767667777 66667677 37666 37766636 637767
1666775619. 66, 93.
Cur: 14, 5. 667 7637667, 666766 66671- 06767 eximium 64, 394. 7667376776
7677 ’69, 10. 6677766335. 67771 6776 6777 7666. 76. 676763, 64.
16, 11. 3676167 - 076766 consuetoque 7777 lunum 16, 7
cm 6667171 6767761166 66, 93. 6676661 66777667 76 77774 96.
16 6 666777 7773767667 65,1. 66776 667 41, 06667 dedis 777 7776677 3667161667 §mi
66676173661664677777777171766117667668, 61,.’19116671 66666176777677, 6466777777
57. 66767677 7663676 66677 64, 69. 66776 7631671776 64, 375. 66777767 m 66777676
1616377666 64, 961. 7777767 9, 1.0 66776 61, 109.
77777667 716677666666766616. 6616716 07677667 6666677776 7716667777 64, 379.
quid 66677677 31, 7. 4666676 366177 667777 36767777 68143
⁷ 07777677 qua 36766167676 7677 36767777 03977667 6676677676 6667766 66666 44,
(77767 6676777 77771 ’36716776 64, 748. 039767 467616767 76 6767776 6766776 in
· ,667666776667 7677766676. 69. barathrum 68,106.6676776777 61776779·
0777767 67777667 66 6677667418. 6677776 40. 6676777666677377770, 977
susi 64, 397. 67 7676366777. ’ , Dffmuuomibus 7776661776 56, 30. 67·
06777777 667766766777611766767616777766 167677 7677676 67677676 5014. «
44, 9. 667767 6661777664, 390. 03776767 deflectens 66731376671171·
06777777 667676666677664,34.6676667 (167669, 57.

 

