ιιι commu. , ιι ’

kamtfitmdimffi 41. 811166 6616611611616166941. -

1161 6166611816 mantuam 97. Fltoeew: 6661111666616111165, 41113·
1611111611 16611116 11111161,1ι.11. 1ιι undu 6611161664 69.
36111166616666661151116111616195, 11. -16111161 16616ιι6111116611116164, 67.

616316661613111661116131661661 66316 nd 96161661 116116 1116111161 116118 Ionio·
116111 67, 49. 84, 11. 6661111111 sununoeqnen 1611161· 66,

61631161 6131116611 11 55 9. 16, 36111666 3116166116 3161111664 96.

6163161 61311611 11666 amore 67, 95. -6111111111661161 6666116616111611311613166·
61316111 Juno 16 661316 (3661361661 66616311 1666 64, 59.

68, 189. 6131161 111616 666363111661111116 6111116116111611166116166116111166166·
66, 7891311 611116616164, 91. 116134, 68.

Flamen. 6116166 666161136611116611111. -616111111 ·611616113116311616661164, 969.
11664,107.616116183161161611611116.978. 666161 11611167 88. 66161116 6116 3161111111
1611 16111. 9. 16116166 3161111 nube· 1616. 66116 64861. 6116161116. 89.

940. Fam: 16666 3161661161 pube· 31661

6161166166ιί1611166111111111665110. 6661161666161111168, 109.

161116 100, 7. 611611 61, 178. fluum Fodw: 16111616 16161616661611311111136·
ωιοι31113166161664,99.616116,116131616,1666168111. ι
111616116616611116997. 1666166611- 666661116116611116116111611311111

3161661116 οιιιιιιιοιιι 90, 6 4616164, 983. 1616661161 1111116116 ιιιιιιιι

8161111661 6666111616611161116 113‚.4
64, 999. ‘Foedoz 16111166 66611166 pulvere 161116

Γ1616661161613161,6.116161“1161161516. 64, 994.

199. 3611111 [eternum 6111611111 109, 6 661116

6161661111 61161 66116 66, 8. 66111616. 161161666131111666361 191111164874. 1111
116113166611631616116164, 849. 16111. 386. ullo 75 8 76, 8.

Fletus: 6ι1·ιι 61161166 1631131111 1661161 66116Μ61116166116616131161161665 8.

⁴ 6661664,ῃο6611616111111116611161661 For. 16111166 11661166711111111611·

6313161116 1111111 96, 9. 616, 31616111161661616161664, 406.

616666166166111111664815. 46111611111116316. ι·

6166116 11666133. 661116111611 exu- Foris: 1616111 rasilem 16111 61,168.

1111 66, 69 6116 11613116 64, 96. 1611166 61111,661118136116161111661166115,
11111.69.111668,136.19.

1116411111 flebile 6166141616 1111111 111111 Fm-ma: 1611116 dulei 661611 61666111
66, 99. 6666111664, 175.

Flecte: 66161161 16611166 1116664 804. 6111611 161666616116611116613111116·
6661616666611111166611616111.186. 3111ιί1 64, 814.

61161 111.,’16111111661111161,66.-766116111616111111111111161111111
6616161616616616611611 39, 5. 1161666 86,1. [6111111116.5.11011Μο86161616
66116161661116111964. 11116..11161,66 111611 11111. 8.

666116 rubent 666111,18. 761611116163111161,361.1111111111

.14“1ιιιι 1161616 611161 1116116189, 8. Ιο- 170.-16116(6ι11.) 11 666 molentum 661
1116111166 1116166 1666116611 68, 55. 116166 55,1.

1611616661 6616116116 1611111164 946. 60· 11611666 requiris, 31116616. 851.
111161 111116 97,5. 11611111161113166161111611164,840.161·

Ρ16166116611661661661116163161111661 1161611616616611166, 98. ·
6663616661616 64, 881. - Fortuna 16 611116111611615.61111

’6111161 fluibus labyrintheis 63168116- ..1111631164116661161111161111311
1ιιι’,64114.1611664,999.666111166111166168,18.

remo: 1161661 11661111 64, 959. 1οι·1·ιιιιι 66661366 oppressus 11111316 68,1.

36661611161111611111611111161, 661161616167611616661166616611
’198.“ . 611110, 9 1161661161οέ 68, 66.

Γ16111611161161616168,16.4ο1111111 1111111 1116661136111611111111111661
366116166661136116161,56 1611661616 17, 19.
piet· 6616611910. 666666616111616111 66661616131166136199,1·0.
ιιιι1ι 1161116168, 66. 11166111 myrtus 6191. Faveo· 1616116 huno 99 99.

‘Flu 63661616136661, 98. 1366161 3166611 41631616131611661116661111666.6’6·
69,16.111111111111.11116189.331111- 311616666616661116161661166144.
61168,64.311111119811166661116613616·11’16113ο 66361111616116611116661111 .
6161100, 9. 661611 6111161 61111169, 46. 68, 91. frangens 6111161616 6166161666 pt
6616661616111666311664,408.11116111166 6666410911661616311116631161111099.
17, 14. 666636616111366161611611631164, Frater amabilior 1111 65, 10. 1666111111·

mamb-muni 61136166361661,6. 11ι 68 90, 99. 611 1631 16161116 16116 101,

 

