NOMINUM 7007111011061. 66

1111(6611)41916169’,65. 01111611(οΜ611661)66, 941 ⁶

Μὴ(11116101111111)1611166,7,’51, 06161116616666116116111111131111
79, 75, 97, 107, 1001611186.

11116116(11111111 01661111, »hono 11111161-(3111111 ((1111 1111111 1661111111) 1111111
661111) dequo 79 ignes 67, 7. OEtaeae ’16116116311 6654.

1111611111 3111 36165, 5. 0131116111 (unu vta-60, 611 611111

611611(11111116111 61111) 64, 6. usurpat 0111111611) 67, 1. ι.

1111111(6611161616111) 54, 3. 0111611161 illepidus) 54, 1.-

616311111111, 6163111111 montes 67 1. . ,

6111311111, 11161111 1111117, 3. 71116164, 307.

1160116116606111111. 71111166, 103.

[5311111117 19. ¹ Ρ111111111111(61661” 16 Ρ11.111)61--111..

Ι.1111116]111111(011111)34,13. 7111161 1131116111 11, 6.

111134,16.Ρ1111111113011111111111111)61, 43,

1136111 45, 6. Pegaseas 16111111 55, 94.

1131166161(11]6161111114111611)113616 711667661611166116116 64, 76.
111’ 11136 (01111116) 66, 66. 7111111111 (Pelion 111111 7611111111)141·

11361111, 113611 6661 (111161 6111116111) 111641.

31,13. Ρ111611 64, 779.
’ 7113131111 641347.

huda 6161113116 66, 73. = 7111166111(71611661·111111 01111071·

9111116369. 1111116661 61, 770. ·

91113111(011.76111611111)55 6. 7111111(Ί’6111111116111161)64 786. -

1613111 90,1. 71111116666166166,75.

Manus, 611111136611166111111761116171111111,7111166111611616111111196,7.·

63111)66, 54. 1 Ρ11111111111191111111116164, 707. ·

umam (11111111 01111111, 6111161111·7611111111·11(11316 7611111111) 64 66.
61111679, 3. 6116166167,7. 7611111111, 761111111116111 64, 36.

6161111111 (6111111 1611111111)·111 cujus Ρ611111(6111161011ο61611)64, 3.
613111166111111611111. ι Ρ111111111(1111111111111)ο,11111111111,

6116111111(6666111111111)17,1. 109.

7611161164, 3957633111 366111 (71111) 7613311 domu

1111116645.11,16.1111]3111111 11111161 63, 7. 761333

Μ1111 (61111111 prope 3111111166 91161 1111116146,4.111164345.

67,33. 1116111111611111 ’
ΜΕ. 0111111161,116166616111111) Ρ611111111111(1’61616111 agi-6 7611111111) ¹
29, 9. ’ 7616161161 91116164, 35. ‹ „

Μ1111111111,1716166166, 57. . 7111161111 (7161611 11111 91111111) 11111ί

Numa-6. 106,1.

Mentula (1161111111 6611116,1611 1316 611- 7116111(6161111161116111161)64,74. ’
mun 11131111 01111111) 61 16 91175, 7611111111 (1166166111 16116116) 066.
114,115. 7111131. 0116116161) 70, 1. “

61111611 (61116111) 64, 6011 743. 7111111 (11116161) 17 6 ⁷

9111161 (111 011161)11113111111166164, 65 Ρο1311111111(76161161711111 9411)711-

1111161111611116111. 71116615 3111· 1311616166 64, 669.
1111161119.7111111111(Ρ11111111131161111)1111111111
. 6911110116113746116) 66906. 4,9. 76166161116199, 19. -

6161661666111 35171 ’ 71111111(6ο1111611111)1636611147. ·

Mun 64, 3.. 7611611116(1111111 1111611111) 77, 3.

· 7111616161 67 , 35. ·

1911161616 1111611161)16 quem 119. 71116111 16711661 (7116) 47,·4. ·

Ν1111111150, 70. Ρ11111111161161111111111111,116

Νφ16.611(11.111).6111111111111 64,96.Ρ1·11611111’14,9.·

0161111111,111611111111111611111116 Protesilaus (7161111661 1111 Grau
1011616116 11111616 64, 356. Trojano 61116) 7161116116611111164 74.

Ν161111111111111311)31,6.

611111611111616111164, ..15 01111166(6111111161616111, sed 11111111)

Ν11311 (11161 1116311631111111 46, 5. 61 611166.

.· 6761161631111611116. 0611111116(01111 1161111) 96, 6. =

9111111111 strum· (661116 611161) 57, 7. 6111111111( 1661111 0116111316 qm 67.
. Novum 0111111111(016111116166111)66,6. ,

Nympha 1111111111 64, 17. 1111116111 (01111111 1111111, 111 quem 40.)

Nysigma (N 311 urbs Ι66111)Ν]11311111 1161111160.
60111164,753.11111111119, 15.

 

