Ι 111851111888811 11-

omnm-qi· 11881888 81 08111 88111 88181881161118-
811888. zio 8881181818 18188111 68141. jau-1166
Mra: 8518111’ ‚u 1181111111 8, ’17. permulsa 1811181 64, 7351 811188 818188
1511818881188151111, 19. 8118111111 1511. 87 , ι.
051881 Eunus-⁹19, 11. Offera- obtulit ,88 8188 88118166, 518 '
.0111υ.81811811118888]1811166, 7. 8111118181 1881881 51188111. 31, 349.u
0881888881181188188888881711..08181881588816181188868,18..88811’
(6660.- 85188118151818118181 88181188 818 88 perdidit 75, 6. 8618118 pro 1181111
68,.3 ·- mnus redditur 68,150. 88811111 1111111
05111881851118181118111 8188 18181811 1111. 47. ,1
61, 737. - ’ 051111818888811811111887611..1
omium.- 8.·188111181888111..1111.051811111181811886868 ··
188158818188181166,77.85.11118881111588 0888181 olfaciet 8881881818 13, 13.
melis 68, 43. 851118 nomi 1188518 833 8118881811 88 97, 7. ·, . .
0616oe 18188111 885 88818 65, 71. 8111118 Olim 61, 76. 81 81. supp. ‹
8881818 888811 11181811 61, 708. - . .’ 01181181188870,9·.81118181)81111831]5.
0518811811 851888111181888111133Α. 05885118111888118111811816,3. 1
. ozam..- 85888118 7181818111 8111118 · 0111 1881118811 olen 91, 7. =
88881188181188163, 99. .> . 011181 818181881181181818917. 1
Obscum: 8518818111 111181· 38118 66, 3. 0111111818188888158886166.111188
»066666662 81181118 1111881118 88151888 Ρ118888811181881118111161, 331. ·
66, 9778581811 81818 celebrum 1511. 0116111811 818818181111818118811181888
058811. 8588188 81181881 55, 71. 'obn 1518188118881118811818 98, 5. 8881
ὐ111111111185811811 37,.»5 81818, efficies 1511. 6. .
05111881 851188811818181881161,316. 0881881881 5118118161, 171.. . ·
05111181 ,85811111 11 58118 181188 11118111 0118818181 111. 8188811 18188 6897.
81818187,1 1. · 881118 1818111 8181188181, 6. 8111. 1858111
.0581118188.·85811111818811188811888,11. 881888818881111191,101811588188
’.051811 8518111 18818888111888 888118 8111118 8811881881 811115, 3. 6 11188
6⁵...ss · , . 88818811188118188167.73.8181.118-
05118318 1151181181 81188118 88811888· 818811181881888111, 19. atad. 8111188188 .

Ι 11811888881181118 107, .·1. “ 888 8818188818518 8818151. 8181811818

051181 mim hemi 45, 7. 8511188811· 58118 1811111118 3 11. 81881581 8118118111·
818181888811811881181558161, 109.. . 818 8811818189 1. 81 81 .
08181181 18881888111881816667.. 0881811811 88818111811118118111188888
0181111 88811111 lux 5181185, 58881. 1811863140.
1818 solu 81181118.88181115,6. 8881181118 01118 118111 reponit 31, 3. inmun 888
1881118188ὼί818117913... 188118 18118 63,. 147. ,1881 1111811818888
,08868818118881181111818881153 63, 33.
0818818888. 8118 1888818 5619. 01181 1111111811 mihi 1151155, 37 *mm
888188818881,1111811181111]883111118 317 1511. 33. “

8888118181111113, 18 ocellis 18181118 61, 081188118818851158118181881158888 .

60.nigrin 13, 7. 5881181 tegeret 8811111111 37,19.88888188181111118111116313.
8111118458 10. 851181 8881115, 11. . 88188881118111511. 37. .
-10811811 881818 11818 18 8118811118 1118111 Opera.- 88818 181 8881111188 81111181 ru·
881818 30, 3. . 5881317.
0881881818 18818888181810, 70 Operio: 888111 sopor 88111816 37. 8881
omas.- 8181188181811118181118181111 111818111111116710.Ι ·
64,’.17 88818881111851119,9 8058181111 Opis 1111815181 tutamen 61, 375 88811
1888811118 103 5 1851818163, 37. 818111· 1811111876138885881888811888881818
111118.1.11115111811511801111118137,34,71. ·
’1. 8881188188 11885813, 5. 8111111811· .08811818111581818185,1570,4. 81881181
181885881188188111111881163 48. 1811· 1188111903.
88851838118188111 athen 661. 39. 8111118· ..11188811 1188811181 mortem 1111 »81881111
1111181181 mihi· 811181· 881104, 7. 818811 1111111 61 107. .
8811118 881877, 4. -0881188111111818 11811541.
011 81 8118 35 1. odissem 18 811878 0881811 oppletur 1881881864 33..

1111888 1113. 811118 hospitis 88818111 08851181 8888111111111111 8188111168·
68015111111 8118 881118 7888888118 888111 ’ωο0851101118881818888818888158631
66, 15.1118181’8181188111111118818,1833 0811118111881118181811818888 .
17. wimundum: =. 1818, ,. .

 

