11 -111111111111

ΓιΜμιαΛ-οῧὴιιῶκηῆ. 08.118.11ῠ111111118.404ι11Ηο1·
Falsus 1111111 111 07, 20. 11111111ιὶ111 rum 4, 19. ‘nummum‘ 16, 9. otim&
07, 48. 11111 110111οι1 80,1. 1110111111. 11111 64, 178. 1011111 fimo. 11111161,
11111160,10.11111114,1. . 20,011111111ιι114,1..111α111111104,
1111111111- 11.11. 111111011111111111111111111111.
111111117810. bon-61, 02.1ι1ω habitare 11111 1111111010111111111 09,.5.
101023011111111 80, 5. 1110111 11011“ 11111 07,19. 11111 Ρ111111
111111 1111141111111111147, 2 11111111 11111155, 84. ιι 1111111 03, 58. 111111·
1111111128,5.11111 Cybele· 1110. 08 1111111 0111111111
111111111111111111108, 90. (1101111111ὶο. fidu 07, 7.
66 11111114111111111111111111111111111-
1111111111. 11ι11111111111111181 110111 lun 11111111 111111 19,96. 111111 11111
04101. 0114817.
11111111. 11ι111111111111111111100, ιΜΡωηοι 11111111111101111011111111·
07. 1104, 227. ,
311111.- 11111111111111128, 18 ¹ · 11111111· 11111111111011111111ὴ111
111111512. 1111110111 1111111111, 00,50.11111111111111111111111111111
8. ιιι 111111111188, 5. , ’ 101042111111111101111010. 4011111111
11111111 111111111011117, 12. 04, 370. 1111111010. 850.
. Fatue 111111111111111111115114. fervidus: 111110111111104, 218. 01111·
Fatum.- 11011111 hommum 15 171111 011ο1120,.7 .
1111111 04, 240. 111111111 1111111105, 14. 111111 111 1111111 tapidum 11111111 03,
111100, 51. 11111 04, 822. 1111111111 1010. 85.1111,11111101011111111111ιο1,50. 11·
817.11111111111111110840.1111111111111111
111111111111111111111811. 11· 11111108,57.11111111111111111108,89.
1111 1111111011 0, 5. reri 1111110114.
Fatuus. 11111 1111 hoo 11111111801 1111111.Ι 11111111111111 11111111 111111
111 88, 2111111 11 11101111 911, 2. 04,189.1111111011131, 9111111 1111111
Pam: 111111 ιιι nid-10 10111111 04, 807.
1111111 64, 880. 0111111 111111 01101104, 389. 1111111011
rm: 111111111111101113,2.11111111 06, 90.
’11111111111005111110118011111110221111175,
Fas: 11111 11111111111111101, 77. 310111 11111ιῑιιιιιιιιριιιιιδ4, 191. 1111-
111111ιωῖ 11811111111111111110 01 ιιιιιιιΙιιιι 7081111111111ι11111111>
111110 4 , · 30, 6. 101110011111111341.
11111111 111111 11110118 111111110111 11010111145,23.101111111111111
111111111111111 Dium 04, 374. hor-62, viri 111111111111111111111104, 144.
80. 1111111 1111108,155.1111111 11111111 Fidus. fidum 11 1111111111οω 91,1.

. 9111111311. 1011101111011111111110. 1111111111 1111104111.

25. -felicior 1111111 vivit 1117, 7. 11111 1111 11111 110, 8. 0111111111 11-
11111· 1111111811111111111159 1. ret 00 01.
1111111111 1111111111111111111551. Figura. 1111111111 08,02. 0111111·
, 111111111111111011111104143091.11 1111111111111111111104,221.111111
1111111111ιό18811111111111101187. 1111111111111111111111111411110450.1111·
111111 11111111 111111ιί111 νιιι 09, 2. ,111 1010. 200.
17111111111111111111111111110853.11- 1101111111111111111111111111 04, 117.
1111111 habet 1111111143 11111 11111· Filius 19, 0. 33, 4. 11111011 78, 2. 1111
busque 1111101 01011 01152111 111 11111111111139, 4. 011 11 11111111·
1111111111 promisti 110, 11111 nude 83 2, 8. celtiberiam, 18.
’1111111111111111181,8.111111011104,34. 111111111101111111111111111111110111
111119111104,281. (11111081091111 04,.178. 1111111 111111111111111010 116. 11-
10 ιιι inpune 99,3.11111(31111111111 vi 1010. 818. fila 01011111 dexteru 1110.
04,284.1111111111Ρ111111010. 289. ti· 313.
1111111014.99.111111111111111111ιιιω 111111111111 duritiem ,11111 00. 50
18, 0111111111101110310,11111170 18. 1111 1111110230.1111111111111101111111
111011114,22.11111111119 29,5,10.111 55, 93.
1111111178,9.11111111111111111111111 11111. 111111111111 04 31.
mutum 11, 18. ιιι 1111111111 19, 21. 111111 finem 111111 21, 1811111111-
1111111111111 hm 08, 13011111111111 ιιι 11111111 11111111. 10 AEetnoe
311111 44, 211. 1011111 01, 43011111 00,-1111111010.3.0111111111111111111111100,
41. ..111111 08791111. 1111111111 ini· 12. finibus 0111 11111111 0178. 1811111
111111131110. 11, 111111111111011 11145, Anima 1111111111 00, 30.
130111111111111114104, 222. jugo· 111110. Facio. ,

 

