9 ,79111111111171199

¹ 4991 Μ·’ὰ“91114111111111901119,ἷ111911119 191111491111118110. ·· “

15. 9911119019991191159964,394 ·¹ 41399919991991991 91119911 9911.
499119. ’9199111199 49. mun 9111911191991111999151199991

91999191199999199 138. ·- 39, 1391499111 9919167, 90. ’ ⁴

. mmmmm, 9. . 113999 91119111, 9 -

. 4119799 93, 9. - 41191599· 9119159199 99199999 9999911-
49117991·1711199911969,40.917119- 9199990 . ’

191911 1991. 1711911 4919911964, 49.Ι 499191 1991911119ρὶ13 1799199137, 9
47519149· 19511119 9ο991111108,1.14991711 9191999 ι 999 9191 9199 unia·
4759711919919991571916441.17897111 bona 68157. s

&pud 19491131 ,35 mmmm 61, 4999919 91919 9191111153.Ι

· · 49499197 comitto 55131111.,·

499993,1.,.179191941ομ991. 49499,917911950,189111.

4199919919 911119 91919190 5 494991 1111199 111419 9711971191 119111

474911. 1749911997οά 69, 93. 9149919 81, 3. 19491 38, 119. 99911 9919917199 61
11941 34, 194. 99119919 64,355.999191.991999111191999911911191911937,

Ardua.- 19491199191191949111145,13. 7. 9999419 9191199991, 3. 9911991141-

4749739, 99. 4111919979. 9797199, 8. 1199991 7141 91199 34 6. .

Am 19191 9911 64, 59179919 u·- 49419119411911914919 1199 luitur 91
hym 7, 3. v ’1971199 84, 8. 1941714119 9999 1999111911

Argentum: 1999111 19199119 9919911991 37, 41. 19419111 Gellius 91119911 objur-
9111996944. · 99991913174, 51941191119999911911934,

499999791919114419991119119649338. 195. 1141319 19 11199119 31, 41. 41719199

Arguta 79199 9111911111 68, 79. 4991191 99191991 1514. 199. 1971197991 91-
· 9191399939. · 9119111111· 11911 1999911991 65, 9. 1941191

4449131991111911991511111191 119791 te 1119191919 1991, fautu 919. 9, 6. 994111
64, 317. 991191 71911 61, 98.

4714991 19141 9999197 98, 9. 9911999 4197971· 91919111199 91941991 11919711
1931919111 119914 911919 991 9913. 1991138,19.179111919991111015 1199·
19141 91991ω1,9.191419191111948,5. 9999994999115196939.95919111111111

4799117119111119119119191 9117971934, 11111919 9111991913, 15.

397· 499911999114999171411159939391.
49111919 941134, 31. 9991191 90 1.· 199111 m 9911 1191191199 33, 11. 19919
47111119 9111159199 8 · 19419 1911915119 34, 95. 999199 1977191111
491971 11199 1179996430491334911 9999159934,155

mn 311119 4111191151, 9. 1119973, 91. 49791 41999149 1717911 34, 983. 91991-
4791179·1971 114 9. 1979 9171969 49. mm. 71911964, 9091914991717999191

»m 8179911934 854. 4, 90. tune 199199 991111 9999139939155.
4791419999 0114991 9971 eolis 3913. 11119111 891111 1194919111 ignaris 64,
,1471 999999116994911911111911- 164. 19111199 ibid. 84. zephyri 19199119

’nb 17915991514. 8. 43, 5.

“ ,41. 19919991 1191949, 13. 1191191111· 4991939419911999199964, 5.

1711995, a 1999 venditum 398499991991191991991 99111 fem fuine.
4119991) ·19’11’99191911919141199 97,10. 99411991119119,19.999991919149931,137.
,imberbum 491991199919999118630199919917

mmm: 11917911191111111111119164, 991 33, 39. 991911 99911199111991 11999
4991911 714. 44191119. f 4971911919 919111 999141 9111119931,
Am: 9999979949 999119 4419991199 5511711 1991 invidit qmtibnu 9991111

1716. 39170.14999111773119991971191111
4814110014* “o 88Ὴ1810811191081 63, 75. omnibus requierant 84, 7. 11111-

1971197419491991651. 8913555. 19911911195111.1111899391119953,9.

nm 6,1. 934. 11914199 19199 34, 943. 4911191191 qun 911111 non 3991 99191191

11411919 11911599 34, 71. afflue 45, 4. 37, 44.

9090147· · 4915319911799999990
aar 11 Μ 11919993,9.19911119 497919· ·11991191911991964, 979. 9991117.

30,19.4179911919191999111911191134100.’ -

modum 4114191 68, 159. 91999 1999 997199 10631119191999119199191419

m 9999199 991111 89 78. 34, 87.
418, 14. 10, 91. certo 35, 11. 411111·- Ausculto· auscultare 99991911 67, 39.

1191991139111111. · 49791991991111919911991911719991199919
41111991 11199991 4119 «boris 9117191 7111114913.

34,.41 - -499999111119191919119994519114

 

