Q mm ’4911153118 ’

fimum flumim- 15143444. mem 6343 Μ
1119, 11111. - 2 6111,·1144411411141144911·.14,46- .,.
3481114141 11811111441411 414114441411644, 19481111ιῆ4.
fflnffin‘teffl, 38. 111131341ϋί8. ’183 1441154 1311141 88,4..111113315311911ώ
111133 σιτί’ 1111113111 98,18.’ 64, 363. 1114111114 1991811ῑί88. 103. 11111131
441441911441,14.19,1ο.111944 3338183 111111117818. 9111131184, 348.

1318 3. 41111141 11451141 68, 403. ’ 4116518. ¹
51113111 111111141114411414411 84,4. 511111 114111 humb-nt 3114441141 84, 317.
5141134414 1111133511 113, 3. 11114111τί3 51111441 munemne 144311 94111118, ’44

37,16. 1414331111111111311111111149411 1144111614314111184, 183. unbem

11,1⁷.- ·· 833888811111111111111333117. .
316131Ν1138114335, 414491 11164, 60. Mos 1111111118, 8. 14411191ιί111 101,3.

1131113338. 818. larissaeum. 38. ’311311 111111111163137.14111141113414911131418,.8

3338. 346. 18114411 41111318111491111141111111914411
Mem. 1111111331ιί111113155, 15. 84, 305.

51411141. 114111164, 449. 66, 49. 411411 Μ141111464111181411111141,48.1111-
3338. 380. 11111419411144141318810. 94111111 1111111191111114114118811111111111
941111541111114318808. 44411111 111163, 15,11. 44111141 1111311 18, 11. 4111111
49. 4411111114 1111114431 1111113184130.1414411114441411441911111131144181181141481
11411111 1415111111114134111166, 83 um· 1114141441 48 84. ·
13111183184,80.141411111114144116518.5111111131111111183,17.
huin 63, 55.·-411111311 1111314431 83111-Μιι93131111941111144191111441111115,13.
4445141388. Μ1193411419311131111341 83, 33. ἰι-

«1511318411 11111141 1113110 33. 111111- 9311114441411811, 14.
111111155,1.14341411411111151, 13. 4141- 8111161111314491314139411431119111 1111-
11114 411 4141114111 1181186137111511111414· 11931117, 88. mule 411311131111141197, 8.
11811148, 8. 38484111 111111111114151111488, 41.

”-153Μ 11111111111111119111111318436 5148311’5113135,5.4111170,1.ι113·

5111141111411141111311111144-1111519-1111111 41144 68 188. 4414114163, 8811111781.-

. 1114145111 85 10. 184311181111911111111911111164 m
Molliculus: 4111141111 remur. 16 4,.6 151111911114411143911113519111114111114614
4481444911. 19,11. 1141113 1114391111 64, 14411114 64 305. multiplices 144111 3318. 851.

361 1114141111 87, 33 311151 84, 394. 31413 51413411 4414118181 31111414131194111185,

641.111.9444461,41.,4414461114 493 ’

4,.804 1414411615. 1111185, 31. 1411111 Μ1131111131111163, 5. 1113.

114111 vellera 64,318.1191ιί441 sum 3488.- 5344114111 11131111 50 8 1111.

’.188 4144114111 1111111111 411811 igni. 45,151111114119111341114188.·1111163338.

16.-41111311111111131191311185,1. ’ 1. 4141311111 81,7.·11111111411164,145
Moneo: 41111151111414144389. 441181911141589 55. 33131ιί3338. 911913
861141616841441441111444411 33313484 1111419411311818 1111411761131

14116857. nivei 1111111184,-841. 4411- 87,9. pergentes 1411111101, 1811111411

444151,141.4114414.141941144415164,111.444441194144411,4.4411114,.9 .

111111111151414441348111111113111144111 9141641765 11111146 16,14. 1411113

84, 178. 9111198188188. 4116114313 31131111116, 18. 1115381, 810. myrrham,

15333338.301.143119113441160,1.44419141 76.4181117,7.]9111181141146,6.11131

88388. lusi 6817111181 9411 1131111 88156.
’311411414141141111111491311111113111 941-’811114148811 91418188,7.1119411411111

’11137883 · - · · 55, 31. 4144114111 68 45. 1111131486, 19.»-
Μοιιιιιιιι 6415. 1111111 3338. 103. 943111144144444144 44, 1. 144415, 5116141111

1111111111911943114168115.1,46.91184149415161141114416114441·,64178.

Ι1111414411111411141111411414441141149144441859 84131884151111431111444168115-91411-
0119343181944311, 16.’ > 1381119311111111 45, 5. 91114341111111431

531111146144111114151183, 18. wrm. 86881881851. 3141111111

3333: 4441411613 9111311157,.6 68140.

15113111 14115111 45111414 78, 85. 44 14981 3636.- 44144131 443143111413185,3. ’
1119111181111911141114411158,7.131148811141141153431411 15 mundiorem

ΙΙ3443811144141151111111141115818,.1144411·1115119144511418316 ··“·

’4111443 11131188, 87. “ ’ 53114811114411111414411116480811153
··’5111·331’11181111 1418311511 1351 15381333 4119111118414155, 1.

61, 3. ’ 154118411144111111111111141111111187, 4.
’11411141 4441114411 1119111115 511111- mundiorem 41411444144416, 46. ⁸

316343. 14111111111141111141184,155.11111111911 1118139114411111114114 1111

1411111111111466, 81. -·· - -· 17,16. · .

 

